4 01 000     TSPS IRR SOYBEANS, TYPICAL MANAGEMENT
4  1 080   0024.24     .0000  0
4  1 085   0054.05     .0000  4
4  1 090   0027.34     .0000  4
4  1 095   0039.78     .0000  4
4  1 105   0116.91     .0000  4
4  1 121   0006.61     .0000  0
4  1 125   0027.79     .0000  0
4  1 122   0020.80     .0000  0
4  1 130   0088.65     .0000  0
4  1 151   0027.33     .0000  0
4  1 185   0011.89     .0000  0
4  1 215   0015.10     .0000  0
4  1 225   0014.86     .0000  0
4  1 235   0042.75     .0000  3
4  2 000     RICE, TYPICAL MANAGEMENT
4  2 060   0022.49     .0000  0
4  2 075   0018.22     .0000  0
4  2 091   0066.05     .0000  0
4  2 101   0044.35     .0000  0
4  2 111   0008.46     .0000  0
4  2 121   0008.13     .0000  0
4  2 122   0027.80     .0000  0
4  2 125   0136.87     .0000  3
4  2 127   0031.88     .0000  3
4  2 136   0077.68     .0000  3
4  2 140   0000.93     .0000  3
4  2 145   0065.17     .0000  3
4  2 152   0023.46     .0000  3
4  2 162   0001.83     .0000  3
4  2 172   0041.40     .0000  3
4  2 182   0001.83     .0000  3
4  2 192   0057.24     .0000  3
4  2 202   0015.69     .0000  3
4  2 215   0001.82     .0000  3
4  2 235   0110.80     .0000  3
4  2 260   0086.33     .0000  3
4  4 000     COTTON, TYPICAL MANAGEMENT
4  4 101   0094.55     .0000  0
4  4 115   0030.73     .0000  0
4  4 125   0030.22     .0000  0
4  4 131   0153.92     .0000  0
4  4 135   0024.33     .0000  0
4  4 140   0009.18     .0000  0
4  4 150   0030.49     .0000  0
4  4 165   0005.86     .0000  0
4  4 167   0030.04     .0000  0
4  4 194   0016.97     .0000  0
4  4 196   0043.71     .0000  0
4  4 208   0017.92     .0000  0
4  4 210   0004.71     .0000  1
4  4 215   0031.16     .0000  1
4  4 222   0016.90     .0000  2
4  4 226   0016.69     .0000  2
4  4 258   0018.55     0.150  2
4  4 265   0009.92     0.150  2
4  4 284   0294.85     0.700  2
4  5 000     COTTON, TYPICAL MANAGEMENT REPLANT
4  5 160   0030.22     .0000  0
4  5 169   0153.92     .0000  0
4  5 175   0024.33     .0000  0
4  5 180   0009.18     .0000  0
4  5 190   0030.49     .0000  0
4  5 192   0005.86     .0000  0
4  5 217   0030.04     .0000  1
4  5 219   0016.97     .0000  1
4  5 225   0043.71     .0000  2
4  5 230   0017.92     .0000  2
4  5 258   0004.71     .0000  2
4  5 260   0031.16     .0000  2
4  5 265   0016.90     .0000  2
4  5 270   0016.69     .3200  2
4  5 275   0018.55     .1700  2
4  5 290   0294.85     .1600  2
4  7 000     SOYBEANS, ESPS
4  7 070   0024.24     .0000  0
4  7 075   0054.05     .0000  0
4  7 080   0016.56     .0000  0
4  7 085   0039.78     .0000  0
4  7 100   0116.91     .0000  0
4  7 125   0006.61     .0000  3
4  7 135   0029.79     .0000  2
4  7 142   0020.80     .0000  4
4  7 217   0011.84     .0000  4
4  7 224   0015.10     .2000  4
4  7 230   0014.86     .2000  4
4  7 247   0037.88     .6000  4
4  8 000    SOYBEANS, TYPICAL MANAGEMENT REPLANT
4  8 150   0054.05     .0000  0
4  8 151   0039.78     .0000  0
4  8 164   0116.91     .0000  3
4  8 166   0006.61     .0000  2
4  8 191   0027.79     .0000  4
4  8 201   0020.80     .0000  4
4  8 237   0027.33     .0000  4
4  8 239   0011.89     .2800  4
4  8 240   0015.10     .2100  4
4  8 241   0014.86     .2300  4
4  8 243   0042.75     .2200  4
4  9 000     SOYBEANS, LOW MANAGEMENT REPLANT
4  9 162   0054.05     0.000  0
4  9 165   0039.78     .0000  0
4  9 166   0116.91     .0000  0
4  9 185   0006.61     .0000  3
4  9 186   0027.79     .0000  2
4  9 191   0020.80     .0000  4
4  9 201   0011.84     .0000  4
4  9 210   0027.33     0.000  4
4  9 237   0015.10     .0000  4
4  9 239   0014.86     .2800  4
4  9 240   0042.75     .2100  4 
4 16 000     CORN FOR GRAIN, TYPICAL MANAGEMENT
4 16 060   0056.13     .0000  0
4 16 070   0084.23     .0000  0
4 16 080   0030.05     .0000  0
4 16 090   0121.27     .0000  0
4 16 110   0060.49     .0000  0
4 16 120   0036.30     .0000  0
4 16 122   0006.10     .0000  0
4 16 127   0002.34     .0000  0
4 16 134   0060.60     .0000  0
4 16 142   0007.60     .1500  0
4 16 160   0013.43     .1500  0
4 16 250   0094.86     .7000  0
4 20 000     IRR COTTON, TYPICAL MANAGEMENT
4 20 101   0094.55     .0000  0
4 20 115   0030.73     .0000  0
4 20 125   0030.22     .0000  0
4 20 131   0153.92     .0000  0
4 20 135   0024.33     .0000  0
4 20 137   0009.18     .0000  0
4 20 150   0030.49     .0000  0
4 20 165   0005.86     .0000  0
4 20 167   0030.04     .0000  0
4 20 174   0090.56     .0000  0
4 20 194   0016.97     .0000  0
4 20 196   0043.71     .0000  0
4 20 208   0017.92     .0000  0
4 20 210   0004.71     .0000  0
4 20 215   0031.16     .0000  0
4 20 222   0016.90     .0000  0
4 20 226   0016.69     .0000  0
4 20 258   0018.55     .1500  1
4 20 265   0009.92     .1500  0
4 20 284   0294.85     .7000  0
4 21 000     IRR COTTON, TYPICAL MANAGEMENT REPLANT
4 21 145   0030.22     .0000  0
4 21 147   0153.92     .0000  0
4 21 148   0024.33     .0000  0
4 21 151   0009.18     .0000  0
4 21 156   0030.49     .0000  0
4 21 164   0005.86     .0000  0
4 21 168   0030.04     .0000  0
4 21 175   0090.56     .0000  0
4 21 179   0016.97     .0000  0
4 21 182   0043.71     .0000  0
4 21 185   0017.92     .0000  0
4 21 195   0004.71     .0000  1
4 21 200   0031.16     .0000  0
4 21 222   0016.90     .0000  0
4 21 250   0016.69     .1000  0
4 21 272   0018.55     .1000  0
4 21 279   0009.92     .1000  1
4 21 284   0294.85     .7000  0
4 22 000     IRR SOYBEANS, ESPS MANAGEMENT
4 22 070   0024.24     .0000  0
4 22 075   0054.05     .0000  4
4 22 080   0016.56     .0000  4
4 22 085   0039.78     .0000  4
4 22 100   0116.91     .0000  0
4 22 125   0006.61     .0000  0
4 22 135   0029.79     .0000  0
4 22 142   0020.80     .0000  0
4 22 150   0088.65     .0000  3
4 22 217   0011.84     .0000  2
4 22 224   0015.10     .0000  4
4 22 230   0014.86     .2800  4
4 22 247   0037.88     .7200  4
4 23 000    IRR SOYBEANS, TYPICAL REPLANT
4 23 150   0039.78     .0000  4
4 23 151   0116.91     .0000  4
4 23 161   0006.61     .0000  4
4 23 165   0027.79     .0000  4
4 23 170   0020.80     .0000  0
4 23 174   0088.65     .0000  0
4 23 175   0027.33     .0000  0
4 23 217   0011.89     .0000  0
4 23 224   0015.10     .0000  0
4 23 230   0014.86     .2800  0
4 23 247   0042.75     .7200  0
4 25 000     IRR CORN FOR GRAIN, TYPICAL MANAGEMENT
4 25 060   0056.13     .0000  0
4 25 070   0084.23     .0000  0
4 25 080   0030.05     .0000  0
4 25 090   0121.27     .0000  0
4 25 110   0060.49     .0000  0
4 25 120   0036.30     .0000  0
4 25 122   0006.10     .0000  0
4 25 127   0002.34     .0000  0
4 25 134   0060.60     .0000  0
4 25 142   0007.60     .0000  0
4 25 151   0093.94     .3000  0
4 25 160   0013.43     .1000  0
4 25 250   0094.86     .6000  0
4 26 000     SOYBEANS, TSPS
4 26 070   0024.24     .0000  0
4 26 075   0054.05     .0000  0
4 26 080   0016.56     .0000  0
4 26 085   0039.78     .0000  0
4 26 100   0116.91     .0000  0
4 26 122   0006.61     .0000  0
4 26 135   0029.79     .0000  3
4 26 142   0020.80     .0000  2
4 26 217   0011.89     .0000  4
4 26 224   0015.10     .0000  4
4 26 230   0014.86     .2800  4
4 26 247   0037.88     .7200  4
4 30 000     IRR SOYBEANS, LOW MANAGEMENT REPLANT
4 30 165   0014.14     .0000  0
4 30 166   0039.13     .0000  0
4 30 167   0002.16     .0000  0
4 30 171   0006.11     .0000  0
4 30 180   0028.93     .0000  3
4 30 185   0000.50     .0000  0
4 30 186   0006.11     .0000  2
4 30 196   0015.85     .0000  0
4 30 206   0000.50     .0000  4
4 30 216   0000.50     .0000  4
4 30 223   0014.71     .0000  4
4 30 230   0011.19     .0000  4
4 30 237   0012.26     .0000  4
4 30 244   0000.50     .0000  4
4 30 258   0012.26     .0000  4
4 30 274   0005.43     .2800  4
4 30 275   0002.71     .2100  4
4 30 276   0002.94     .2300  4
4 30 277   0002.83     .2200  4
4 30 278   0001.02     .0600  4
