4 01 000     TSPS IRR SOYBEANS, TYPICAL MANAGEMENT
4  1 001   0043.71     .0000  0
4  1 002   0003.85     .0000  4
4  1 003   0002.84     .0000  4
4  1 004   0003.28     .0000  4
4  1 005   0002.59     .0000  4
4  1 064   0001.75     .0000  0
4  1 105   0000.50     .0000  0
4  1 122   0009.42     .0000  0
4  1 123   0000.60     .0000  0
4  1 128   0007.27     .0000  0
4  1 129   0039.13     .0000  0
4  1 130   0002.16     .0000  0
4  1 156   0006.11     .0000  0
4  1 157   0028.93     .0000  3
4  1 160   0000.50     .0000  0
4  1 161   0006.11     .0000  2
4  1 166   0015.85     .0000  0
4  1 176   0000.50     .0000  4
4  1 196   0000.50     .0000  4
4  1 213   0014.71     .0000  4
4  1 220   0011.19     .0000  4
4  1 227   0012.26     .0000  4
4  1 244   0000.50     .0000  4
4  1 274   0005.43     .2800  4
4  1 275   0002.71     .2100  4
4  1 276   0002.94     .2300  4
4  1 277   0002.83     .2200  4
4  1 278   0001.02     .0600  4
4  2 000     RICE, TYPICAL MANAGEMENT
4  2 001   0075.08     .0000  0
4  2 002   0008.89     .0000  0
4  2 003   0003.82     .0000  0
4  2 065   0002.40     .0000  0
4  2 101   0023.49     .0000  0
4  2 102   0002.22     .0000  0
4  2 103   0008.53     .0000  0
4  2 106   0003.61     .0000  3
4  2 121   0029.73     .0000  3
4  2 125   0000.78     .0000  3
4  2 128   0001.49     .0000  3
4  2 130   0009.47     .0000  3
4  2 137   0056.94     .0000  3
4  2 139   0004.46     .0000  3
4  2 141   0001.92     .0000  3
4  2 142   0001.50     .0000  3
4  2 148   0002.39     .0000  3
4  2 149   0016.87     .0000  3
4  2 150   0002.39     .0000  3
4  2 161   0015.38     .0000  3
4  2 163   0022.66     .0000  3
4  2 166   0003.68     .0000  3
4  2 167   0005.73     .0000  3
4  2 176   0018.96     .0000  7
4  2 183   0018.96     .0000  7
4  2 185   0022.66     .0000  3
4  2 196   0003.68     .0000  7
4  2 197   0011.94     .0000 10
4  2 201   0005.73     .0000 10
4  2 213   0022.66     .0000  3
4  2 222   0001.75     .0000 10
4  2 229   0004.99     .0000  3
4  2 237   0014.14     .1500  3
4  2 238   0019.62     .2100  3
4  2 239   0021.44     .2300  3
4  2 240   0020.53     .2200  3
4  2 241   0017.79     .1900  3
4  4 000     COTTON, TYPICAL MANAGEMENT
4  4 001   0103.41     .0000  0
4  4 002   0016.39     .0000  0
4  4 003   0006.19     .0000  0
4  4 004   0004.71     .0000  0
4  4 060   0022.46     .0000  0
4  4 065   0026.55     .0000  0
4  4 106   0010.73     .0000  0
4  4 120   0002.39     .0000  0
4  4 122   0109.68     .0000  0
4  4 127   0013.74     .0000  0
4  4 135   0013.06     .0000  0
4  4 145   0005.83     .0000  0
4  4 156   0014.01     .0000  1
4  4 171   0026.55     .0000  1
4  4 186   0017.29     .0000  2
4  4 196   0013.65     .0000  2
4  4 206   0009.78     .0000  2
4  4 222   0009.55     .0000  2
4  4 258   0022.42     .0000  2
4  4 274   0047.88     .3200  2
4  4 275   0025.88     .1700  2
4  4 276   0024.41     .1600  2
4  4 277   0022.95     .1500  2
4  4 278   0009.74     .0600  2
4  4 279   0008.28     .0500  2
4  4 280   0008.28     .0500  2
4  4 281   0006.81     .0400  2
4  5 000     COTTON, TYPICAL MANAGEMENT REPLANT
4  5 106   0010.96     .0000  0
4  5 120   0002.62     .0000  0
4  5 141   0109.91     .0000  0
4  5 142   0013.97     .0000  0
4  5 143   0013.29     .0000  0
4  5 145   0006.06     .0000  0
4  5 156   0014.24     .0000  1
4  5 171   0026.78     .0000  1
4  5 186   0017.52     .0000  2
4  5 196   0013.88     .0000  2
4  5 206   0010.01     .0000  2
4  5 222   0009.78     .0000  2
4  5 258   0022.65     .0000  2
4  5 274   0038.09     .3200  2
4  5 275   0026.11     .1700  2
4  5 276   0024.64     .1600  2
4  5 277   0023.17     .1500  2
4  5 278   0009.97     .0600  2
4  5 279   0008.50     .0500  2
4  5 280   0008.50     .0500  2
4  5 281   0007.04     .0400  2
4  7 000     SOYBEANS, ESPS
4  7 001   0025.19     .0000  0
4  7 002   0003.03     .0000  0
4  7 003   0004.06     .0000  0
4  7 004   0003.05     .0000  0
4  7 091   0020.70     .0000  0
4  7 100   0039.34     .0000  0
4  7 121   0006.32     .0000  3
4  7 135   0006.32     .0000  2
4  7 191   0012.30     .0000  4
4  7 201   0011.45     .0000  4
4  7 237   0004.30     .2800  4
4  7 238   0003.36     .2100  4
4  7 239   0003.63     .2300  4
4  7 240   0003.49     .2200  4
4  7 241   0001.35     .0600  4
4  8 000    SOYBEANS, TYPICAL MANAGEMENT REPLANT
4  8 150   0014.60     .0000  0
4  8 151   0039.43     .0000  0
4  8 164   0006.41     .0000  3
4  8 166   0006.41     .0000  2
4  8 191   0012.39     .0000  4
4  8 201   0011.54     .0000  4
4  8 237   0012.56     .0000  4
4  8 239   0003.45     .2800  4
4  8 240   0002.75     .2100  4
4  8 241   0002.95     .2300  4
4  8 242   0002.85     .2200  4
4  8 243   0001.24     .0600  4
4  9 000     SOYBEANS, LOW MANAGEMENT REPLANT
4  9 165   0014.60     .0000  0
4  9 166   0039.43     .0000  0
4  9 185   0006.41     .0000  3
4  9 186   0006.41     .0000  2
4  9 191   0012.39     .0000  4
4  9 201   0011.54     .0000  4
4  9 237   0012.56     .0000  4
4  9 239   0003.81     .2800  4
4  9 240   0003.01     .2100  4
4  9 241   0003.24     .2300  4
4  9 242   0003.13     .2200  4
4  9 243   0001.32     .0600  4
4 16 000     CORN FOR GRAIN, TYPICAL MANAGEMENT
4 16 001   0029.82     .0000  0
4 16 002   0013.78     .0000  0
4 16 003   0028.81     .0000  0
4 16 004   0002.81     .0000  0
4 16 005   0002.54     .0000  0
4 16 032   0010.20     .0000  0
4 16 084   0049.26     .0000  0
4 16 110   0035.33     .0000  0
4 16 111   0005.89     .0000  0
4 16 130   0038.77     .0000  0
4 16 131   0005.89     .0000  0
4 16 176   0010.35     .0000  0
4 16 232   0004.21     .1000  7
4 16 233   0006.96     .1800  7
4 16 234   0007.64     .2000  7
4 16 235   0007.30     .1900  7
4 16 236   0006.96     .1800  7
4 16 237   0005.93     .1500  7
4 20 000     IRR COTTON, TYPICAL MANAGEMENT
4 20 001   0142.28     .0000  0
4 20 002   0002.11     .0000  0
4 20 003   0016.15     .0000  0
4 20 004   0005.95     .0000  0
4 20 005   0004.47     .0000  0
4 20 060   0022.22     .0000  0
4 20 065   0026.31     .0000  0
4 20 070   0001.42     .0000  0
4 20 106   0010.49     .0000  0
4 20 120   0002.15     .0000  0
4 20 122   0109.44     .0000  0
4 20 127   0013.50     .0000  0
4 20 130   0000.86     .0000  0
4 20 135   0012.82     .0000  0
4 20 145   0005.59     .0000  0
4 20 152   0000.98     .0000  0
4 20 153   0002.50     .0000  0
4 20 156   0013.77     .0000  1
4 20 160   0004.00     .0000  0
4 20 165   0007.63     .0000  0
4 20 166   0021.67     .0000  0
4 20 170   0002.52     .0000  0
4 20 171   0026.31     .0000  1
4 20 181   0009.31     .0000  0
4 20 186   0017.05     .0000  3
4 20 196   0013.41     .0000  2
4 20 199   0008.33     .0000  0
4 20 206   0009.70     .0000  2
4 20 222   0009.31     .0000  2
4 20 258   0022.18     .0000  2
4 20 265   0001.48     .0000  2
4 20 274   0047.64     .3200  2
4 20 275   0025.64     .1700  2
4 20 276   0024.17     .1600  2
4 20 277   0022.70     .1500  2
4 20 278   0016.84     .1100  2
4 20 280   0008.03     .0500  2
4 20 281   0006.57     .0400  2
4 21 000     IRR COTTON, TYPICAL MANAGEMENT REPLANT
4 21 065   0026.31     .0000  0
4 21 070   0001.42     .0000  0
4 21 106   0010.49     .0000  0
4 21 120   0002.15     .0000  0
4 21 147   0109.44     .0000  0
4 21 148   0013.50     .0000  0
4 21 151   0000.86     .0000  0
4 21 156   0012.82     .0000  0
4 21 164   0005.59     .0000  0
4 21 168   0000.98     .0000  0
4 21 175   0002.50     .0000  0
4 21 179   0013.77     .0000  1
4 21 182   0004.00     .0000  0
4 21 185   0007.63     .0000  0
4 21 195   0021.67     .0000  0
4 21 200   0002.52     .0000  0
4 21 201   0026.31     .0000  1
4 21 205   0009.31     .0000  0
4 21 207   0017.05     .0000  3
4 21 209   0013.41     .0000  2
4 21 210   0008.33     .0000  0
4 21 212   0009.70     .0000  2
4 21 222   0009.31     .0000  2
4 21 258   0022.18     .0000  2
4 21 265   0001.48     .0000  2
4 21 274   0047.64     .3200  2
4 21 275   0025.64     .1700  2
4 21 276   0024.17     .1600  2
4 21 277   0022.70     .1500  2
4 21 278   0016.84     .1100  2
4 21 280   0008.03     .0500  2
4 21 281   0006.57     .0400  2
4 22 000     IRR SOYBEANS, ESPS MANAGEMENT
4 22 001   0064.21     .0000  0
4 22 002   0003.96     .0000  4
4 22 003   0002.95     .0000  4
4 22 004   0003.39     .0000  4
4 22 005   0001.86     .0000  0
4 22 071   0020.60     .0000  0
4 22 100   0039.24     .0000  0
4 22 105   0000.61     .0000  0
4 22 121   0006.22     .0000  3
4 22 122   0000.73     .0000  2
4 22 128   0007.38     .0000  4
4 22 129   0002.27     .0000  4
4 22 135   0006.22     .0000  4
4 22 160   0002.41     .0000  4
4 22 176   0000.61     .0000  4
4 22 191   0015.54     .0000  4
4 22 196   0015.96     .0000  4
4 22 201   0011.47     .0000  4
4 22 246   0005.14     .2800  4
4 22 247   0003.97     .2100  4
4 22 248   0004.30     .2300  4
4 22 249   0004.14     .2200  4
4 22 250   0001.46     .0600  4
4 23 000    IRR SOYBEANS, TYPICAL REPLANT
4 23 002   0003.85     .0000  4
4 23 003   0002.84     .0000  4
4 23 004   0003.28     .0000  4
4 23 005   0002.59     .0000  4
4 23 064   0001.75     .0000  0
4 23 105   0000.50     .0000  0
4 23 122   0009.42     .0000  0
4 23 123   0000.62     .0000  0
4 23 128   0007.27     .0000  0
4 23 149   0014.14     .0000  0
4 23 150   0039.13     .0000  0
4 23 155   0002.16     .0000  0
4 23 161   0006.11     .0000  0
4 23 170   0028.93     .0000  3
4 23 175   0000.50     .0000  0
4 23 176   0006.11     .0000  2
4 23 186   0015.85     .0000  0
4 23 196   0000.50     .0000  4
4 23 206   0000.50     .0000  4
4 23 213   0014.71     .0000  4
4 23 220   0011.19     .0000  4
4 23 227   0012.26     .0000  4
4 23 244   0000.50     .0000  4
4 23 258   0012.26     .0000  4
4 23 274   0005.43     .2800  4
4 23 275   0002.71     .2100  4
4 23 276   0002.94     .2300  4
4 23 277   0002.83     .2200  4
4 23 278   0001.02     .0600  4
4 25 000     IRR CORN FOR GRAIN, TYPICAL MANAGEMENT
4 25 001   0052.17     .0000  0
4 25 002   0013.49     .0000  0
4 25 003   0045.59     .0000  0
4 25 004   0003.38     .0000  0
4 25 005   0002.25     .0000  0
4 25 006   0001.90     .0000  0
4 25 032   0009.91     .0000  0
4 25 084   0055.49     .0000  0
4 25 110   0038.48     .0000  0
4 25 111   0005.60     .0000  0
4 25 125   0000.65     .0000  0
4 25 130   0059.10     .0000  0
4 25 131   0005.60     .0000  3
4 25 152   0000.77     .0000  3
4 25 153   0007.42     .0000  3
4 25 154   0002.31     .0000  3
4 25 155   0000.65     .0000  3
4 25 158   0025.97     .0000  3
4 25 164   0000.65     .0000  3
4 25 173   0000.65     .0000  3
4 25 176   0011.86     .0000  3
4 25 191   0000.65     .0000  3
4 25 222   0001.27     .0000  3
4 25 232   0004.82     .1000  7
4 25 233   0008.29     .1800  7
4 25 234   0009.15     .2000  7
4 25 235   0008.72     .1900  7
4 25 236   0008.29     .1800  7
4 25 237   0006.99     .1500  7
4 26 000     SOYBEANS, TSPS
4 26 001   0025.19     .0000  0
4 26 002   0002.98     .0000  0
4 26 003   0004.01     .0000  0
4 26 004   0003.00     .0000  0
4 26 122   0009.58     .0000  0
4 26 127   0039.29     .0000  0
4 26 132   0006.27     .0000  3
4 26 146   0006.27     .0000  2
4 26 220   0017.29     .0000  4
4 26 234   0011.40     .0000  4
4 26 235   0012.42     .0000  4
4 26 237   0003.66     .2800  4
4 26 238   0002.87     .2100  4
4 26 239   0003.10     .2300  4
4 26 240   0002.98     .2200  4
4 26 241   0001.17     .0600  4
4 30 000     IRR SOYBEANS, LOW MANAGEMENT REPLANT
4 30 165   0014.14     .0000  0
4 30 166   0039.13     .0000  0
4 30 167   0002.16     .0000  0
4 30 171   0006.11     .0000  0
4 30 180   0028.93     .0000  3
4 30 185   0000.50     .0000  0
4 30 186   0006.11     .0000  2
4 30 196   0015.85     .0000  0
4 30 206   0000.50     .0000  4
4 30 216   0000.50     .0000  4
4 30 223   0014.71     .0000  4
4 30 230   0011.19     .0000  4
4 30 237   0012.26     .0000  4
4 30 244   0000.50     .0000  4
4 30 258   0012.26     .0000  4
4 30 274   0005.43     .2800  4
4 30 275   0002.71     .2100  4
4 30 276   0002.94     .2300  4
4 30 277   0002.83     .2200  4
4 30 278   0001.02     .0600  4
